194 7 0.9984
161 3 0.5408
157 8 0.4992
145 1 0.6656
130 1 0.74048
120 6 0.53248
89 2 0.8736
65 8 0.624
49 6 0.8736
13 3 0.59072
177 1 0.624
154 8 0.5824
92 1 0.52416
68 6 0.82368
66 8 0.6656
58 7 0.71552
195 0 1.248
156 7 0.7072
123 3 0.54912
74 8 0.5408
64 7 0.59072
1 6 0.624
181 0 0.77376
69 5 0.60736
198 7 0.6656
153 0 0.9568
61 0 0.624
45 6 0.44928
7 2 0.624
194 0 1.3728
172 8 1.04832
161 4 0.9152
145 6 0.7488
130 6 0.42432
120 1 0.72384
97 8 0.61568
89 5 0.47424
49 1 0.64896
13 4 0.77376
196 7 0.7488
171 6 0.65728
163 3 0.9568
151 4 0.5824
94 6 0.98176
63 4 0.67392
11 3 0.6656
123 8 0.64896
111 7 0.5408
107 2 0.73216
84 2 0.5408
74 3 1.08992
56 7 0.61568
31 2 0.74048
23 7 0.77376
166 4 0.56576
129 7 0.56576
103 3 0.69056
98 0 0.67392
80 3 0.7488
70 2 0.6656
40 7 0.7072
35 3 0.624
14 4 0.64896
4 5 0.5824
185 6 0.46592
125 0 0.63232
8 2 0.624
184 2 0.4576
172 1 0.6656
157 6 0.7072
120 8 0.64064
110 5 0.76544
97 1 0.69056
65 6 0.88192
57 5 0.79872
49 8 0.56576
22 5 1.11488
170 4 0.78208
163 8 0.5408
114 6 0.4576
95 4 0.6656
53 6 0.75712
26 6 0.624
11 8 0.53248
192 5 0.61568
186 2 0.57408
175 4 0.59904
155 6 1.04
90 4 1.1648
67 6 0.72384
59 1 1.13984
166 3 0.61568
129 0 0.56576
103 4 0.65728
98 7 0.57408
80 4 1.17312
70 5 0.71552
40 0 0.74048
35 4 0.72384
14 3 0.7488
4 2 0.72384
179 6 0.5824
168 0 0.73216
158 5 0.47424
101 3 0.59072
82 3 0.72384
42 7 0.65728
37 3 0.74048
29 2 0.75712
164 3 0.64896
16 3 0.55744
5 1 0.88192
183 3 0.56576
162 8 0.49088
119 2 0.60736
100 0 0.57408
83 0 0.54912
43 4 0.60736
39 7 0.60736
36 0 0.59904
10 8 0.44928
174 2 0.624
169 0 0.34112
102 1 0.624
91 2 0.68224
81 1 0.7488
75 4 0.51584
34 1 0.68224
9 3 0.73216
148 2 0.56576
147 5 1.00672
132 5 0.624
113 6 0.61568
106 8 0.3328
85 8 0.61568
79 5 0.63232
76 2 0.54912
54 6 0.7488
30 8 0.44928
21 6 0.59904
167 4 0.69056
139 1 0.86528
138 8 0.42432
73 8 0.59072
72 1 0.77376
15 4 0.72384
199 6 0.51584
144 4 0.50752
131 4 0.78208
115 2 0.4992
52 2 0.57408
46 5 0.72384
27 2 0.60736
5 8 0.5408
183 4 0.72384
119 5 0.72384
100 7 1.07328
83 7 0.84032
43 3 0.92352
39 0 0.624
36 7 0.64896
6 8 0.624
152 7 0.56576
146 0 1.04
133 0 0.63232
121 5 0.64064
88 1 0.50752
78 0 0.624
60 7 0.69888
48 5 0.64896
47 2 0.59904
176 6 0.5824
149 0 0.77376
126 5 0.65728
112 4 0.52416
106 3 0.56576
93 6 0.51584
85 3 0.57408
77 0 0.5408
55 4 0.69888
30 3 0.624
20 4 0.54912
139 8 0.48256
138 1 0.97344
128 6 0.8736
73 1 0.832
72 8 0.69056
41 6 0.5824
190 0 0.5824
178 6 0.67392
124 1 0.90688
71 8 0.59072
18 3 0.64896
162 6 0.59072
140 2 0.57408
135 2 0.48256
10 6 0.63232
6 1 1.01504
193 1 0.34944
189 0 0.93184
105 4 0.65728
86 4 1.22304
33 4 0.69888
2 2 0.85696
197 8 0.60736
160 6 0.61568
150 3 0.48256
142 2 0.9568
137 2 0.4992
109 5 0.5824
62 3 0.5824
12 6 0.64896
138 6 1.02336
128 1 0.7072
73 6 0.5824
41 1 0.50752
180 2 0.624
159 4 1.1648
124 8 0.63232
71 1 0.59072
19 3 0.47424
143 2 0.9984
136 2 0.47424
118 6 0.52416
117 1 0.72384
116 8 0.76544
99 4 0.51584
51 8 0.5408
50 1 0.72384
25 1 0.60736
24 8 0.64896
182 2 0.57408
165 7 0.5408
141 5 0.5408
134 5 0.4576
38 6 0.72384
28 1 0.67392
17 7 0.57408
197 7 0.82368
173 5 1.04
96 5 0.65728
44 0 0.624
0 2 0.51616
191 4 0.77376
188 6 0.53248
187 1 0.6656
154 5 0.61568
127 7 0.74048
104 2 0.60736
87 2 0.624
66 5 0.68224
32 2 0.60736
195 7 0.8736
156 0 1.02336
123 4 0.7488
64 0 0.6656
1 1 0.56576
122 0 0.59904
117 8 0.7904
116 1 0.59904
108 4 0.51584
51 1 0.5824
50 8 0.624
25 8 0.46592
24 1 0.59072
3 6 0.59904
182 5 0.59904
165 0 1.01504
141 2 0.60736
134 2 0.46592
38 1 0.624
28 6 0.81536
17 0 0.59072
194 5 0.59904
161 1 1.17312
145 3 0.7072
130 3 0.75712
120 4 0.89856
89 0 0.34112
49 4 0.61568
13 1 0.82368
177 7 0.53248
92 7 0.48256
68 0 0.69888
58 1 0.8736
111 2 0.5408
107 7 0.7072
84 7 0.78208
74 6 0.67392
56 2 0.53248
31 7 0.61568
23 2 0.60736
1 8 0.67392
181 2 0.72384
103 8 0.59904
80 8 0.57408
69 7 0.55744
35 8 0.72384
198 5 0.5408
153 2 0.61568
61 2 0.65728
45 4 0.63232
38 8 0.65728
7 0 0.63232
184 5 0.4576
172 6 0.68224
157 1 0.5408
145 8 0.5824
130 8 0.72384
110 2 0.7072
97 6 1.05664
65 1 0.82368
57 2 0.6656
22 2 0.624
196 1 0.9152
171 0 0.39104
163 5 0.5408
151 2 0.624
94 0 0.7072
63 2 0.624
11 5 0.832
111 5 1.13152
107 0 0.77376
84 0 1.04
74 1 1.04
56 5 0.85696
31 0 0.73216
23 5 0.84032
166 6 0.61568
129 5 0.7488
103 1 0.7488
98 2 0.69888
80 1 0.59072
70 0 0.6656
40 5 0.60736
35 1 0.64896
14 6 0.624
4 7 0.5408
185 0 1.2896
125 6 1.0816
42 8 0.63232
8 4 0.57408
164 6 0.49088
144 8 0.48256
131 8 0.6656
16 6 0.73216
5 4 0.5824
170 6 0.61568
114 4 0.51584
95 6 0.81536
53 4 0.72384
26 4 0.72384
192 7 1.2896
186 0 1.1232
175 6 0.52416
155 4 0.9984
90 6 0.49088
67 4 0.73216
59 3 0.5824
148 5 0.84032
147 2 0.69888
132 2 0.7072
113 1 0.832
112 8 0.34944
79 2 0.59072
76 5 0.5408
55 8 0.69888
54 1 0.74048
21 1 0.59072
20 8 0.65728
179 0 0.49088
168 6 0.5824
158 3 0.50752
101 5 0.72384
82 5 0.624
42 1 0.6656
37 5 0.63232
29 4 0.75712
164 1 0.55744
16 1 0.64896
5 3 0.74048
183 1 0.5408
119 0 0.72384
100 2 0.52416
83 2 0.55744
43 6 0.59072
39 5 0.69056
36 2 0.64896
174 4 0.624
169 6 0.7488
102 7 0.94848
91 4 1.08992
81 7 0.74048
75 2 0.61568
59 8 0.7072
34 7 0.56576
9 5 0.99008
176 3 0.5824
149 5 0.832
126 0 0.5824
113 8 0.44096
112 1 0.89856
106 6 0.7488
93 3 0.624
85 6 0.57408
77 5 0.624
55 1 0.74048
54 8 0.59072
30 6 0.73216
21 8 0.56576
20 1 0.60736
167 6 0.64064
139 3 0.84032
72 3 0.77376
15 6 0.67392
199 4 0.54912
164 8 0.56576
144 6 0.74048
131 6 0.48256
115 0 0.9152
52 0 0.624
46 7 0.73216
27 0 0.61568
16 8 0.63232
162 1 0.7072
140 5 0.50752
135 5 0.46592
10 1 0.77376
6 6 0.624
152 1 0.68224
146 6 0.60736
133 6 0.624
121 3 0.5408
88 7 0.51584
78 6 0.5408
60 1 0.99008
48 3 0.72384
47 4 0.51584
176 4 0.77376
149 2 0.65728
126 7 0.51584
112 6 0.63232
106 1 0.832
93 4 0.88192
85 1 0.63232
77 2 0.54912
55 6 0.64064
30 1 0.624
20 6 0.64896
138 3 1.02336
128 4 0.69888
73 3 0.7904
41 4 0.48256
190 6 0.49088
178 0 0.67392
124 7 0.65728
18 5 0.60736
143 7 0.5408
136 7 0.4576
118 3 0.57408
117 4 0.624
108 8 0.35776
99 1 0.89024
50 4 0.624
25 4 0.69888
193 3 0.52416
189 2 0.69888
105 6 0.56576
88 8 0.44096
86 6 0.52416
33 6 0.624
2 0 0.77376
173 8 0.9984
160 4 0.9568
150 1 0.96512
142 0 0.64896
137 0 0.77376
109 7 0.72384
96 8 0.52416
62 1 0.82368
12 4 0.67392
191 3 0.51584
188 1 0.624
187 6 0.64896
154 2 0.51584
127 0 0.54912
104 5 0.60736
87 5 0.60736
66 2 0.72384
32 5 0.6656
180 4 0.97344
159 2 0.4992
71 7 0.7072
19 5 0.65728
143 0 0.69888
136 0 0.82368
118 4 0.71552
117 3 0.57408
99 6 0.96512
50 3 0.67392
25 3 0.69056
182 0 1.17312
165 5 0.57408
141 7 0.59072
134 7 0.46592
45 8 0.5824
38 4 0.54912
28 3 0.67392
17 5 0.75712
197 1 0.90688
173 3 0.61568
96 3 0.4576
44 6 0.53248
0 4 0.51616
188 8 0.832
177 2 0.60736
92 2 0.64896
68 5 0.69888
58 4 0.53248
195 5 0.49088
156 2 0.51584
123 6 0.5824
64 2 0.624
1 3 0.57408
122 2 0.4576
116 3 0.43264
108 6 0.68224
51 3 0.54912
24 3 0.624
3 4 0.57408
198 2 0.624
153 5 0.77376
61 5 0.61568
45 3 0.69056
28 8 0.3328
7 7 0.3328
194 3 0.4576
184 8 0.9152
161 7 0.624
145 5 0.624
130 5 0.75712
120 2 0.53248
89 6 0.51584
49 2 0.59072
13 7 0.60736
187 8 0.65728
177 5 0.7904
92 5 0.52416
68 2 0.69888
58 3 0.56576
111 0 0.4992
107 5 0.6656
84 5 0.57408
74 4 0.5408
56 0 0.61568
31 5 0.78208
23 0 0.65728
181 4 0.9568
69 1 0.76544
4 8 0.5408
185 5 0.47424
125 3 0.56576
29 8 0.38272
8 1 0.86528
184 7 0.4576
172 4 0.69888
161 8 0.61568
157 3 0.4992
110 0 0.65728
97 4 0.49088
65 3 0.65728
57 0 0.6656
22 0 0.5824
13 8 0.64896
196 3 0.624
171 2 0.73216
163 7 0.60736
151 0 1.2896
94 2 0.94848
63 0 0.67392
11 7 0.5824
192 0 0.99008
186 7 0.57408
175 1 0.59072
174 8 0.8736
155 3 0.52416
91 8 0.50752
90 1 0.49088
67 3 0.64896
59 4 0.72384
166 0 0.92352
129 3 0.64896
103 7 0.77376
98 4 0.55744
80 7 0.624
70 6 0.7488
69 8 0.60736
40 3 0.5824
35 7 0.77376
14 0 0.64896
4 1 1.31456
185 2 0.47424
158 8 0.50752
125 4 0.61568
8 6 0.67392
199 8 0.57408
164 4 0.63232
16 4 0.59072
5 6 0.56576
196 8 0.72384
170 0 0.46592
114 2 0.4576
95 0 0.8736
53 2 0.68224
26 2 0.72384
175 8 0.7488
174 1 0.624
169 3 0.75712
102 2 0.69888
91 1 0.57408
90 8 0.53248
81 2 0.59072
75 7 0.49088
34 2 0.64896
9 0 0.60736
176 8 0.92352
148 7 0.4576
147 0 1.09824
132 0 0.75712
113 3 0.4992
93 8 0.55744
79 0 0.63232
76 7 0.4992
54 3 0.64064
21 3 0.52416
179 2 0.54912
168 4 0.7072
158 1 0.56576
101 7 0.79872
82 7 1.1232
42 3 1.1232
37 7 0.72384
29 6 0.63232
199 3 1.17312
144 1 0.61568
131 1 0.63232
115 7 0.4992
52 7 0.624
46 0 0.6656
27 7 0.67392
183 7 0.67392
140 8 0.55744
135 8 0.4992
119 6 0.60736
100 4 0.5408
83 4 0.81536
43 0 0.42432
39 3 0.7072
36 4 0.59072
174 6 0.64896
169 4 0.80704
102 5 0.57408
91 6 0.5824
81 5 0.5408
75 0 0.57408
34 5 0.75712
9 7 0.46592
176 1 0.6656
149 7 0.57408
126 2 0.624
112 3 0.4576
106 4 0.59904
93 1 0.64064
85 4 0.7904
77 7 0.54912
55 3 0.69888
30 4 0.624
20 3 0.61568
167 0 0.76544
139 5 0.46592
72 5 0.77376
15 0 0.72384
190 3 0.57408
180 8 0.77376
178 5 0.74048
124 2 0.69888
18 0 0.69888
183 8 0.74048
162 3 0.89856
140 7 0.57408
135 7 0.55744
10 3 0.59904
6 4 0.624
152 3 0.48256
146 4 0.60736
133 4 0.61568
121 1 1.1232
88 5 0.38272
78 4 0.67392
60 3 0.64896
48 1 0.82368
47 6 0.79872
160 3 0.46592
150 6 0.40768
142 7 0.57408
137 7 0.5408
109 0 0.72384
62 6 0.76544
12 3 0.60736
0 8 0.24992
138 5 0.4992
128 2 0.624
73 5 0.55744
41 2 0.5408
190 4 0.9152
178 2 0.67392
124 5 0.69888
18 7 0.7072
143 5 0.61568
136 5 0.53248
118 1 0.7072
117 6 0.64896
99 3 0.68224
50 6 0.7488
25 6 0.60736
3 8 0.65728
193 5 0.59072
189 4 0.74048
152 8 0.55744
105 0 0.61568
86 0 0.80704
60 8 0.49088
33 0 0.69888
2 6 0.63232
197 4 0.52416
173 6 0.60736
96 6 1.47264
44 3 0.86528
0 1 0.38304
191 1 0.55744
188 3 0.64064
187 4 0.46592
154 0 0.85696
127 2 0.65728
104 7 0.57408
87 7 0.78208
66 0 0.72384
32 7 0.7488
180 6 0.67392
159 0 0.832
71 5 0.69888
19 7 1.1232
122 5 0.67392
116 4 0.51584
108 1 0.94016
99 8 0.53248
51 4 0.5408
24 4 0.624
3 3 0.64064
182 6 0.624
165 3 0.8736
153 8 0.60736
141 1 0.90688
134 1 0.5408
61 8 0.72384
38 2 0.69888
28 5 0.78208
17 3 0.71552
197 3 0.71552
173 1 0.624
150 8 0.5824
96 1 0.82368
62 8 0.5824
44 4 0.624
0 6 0.24992
191 8 0.54912
177 0 0.5824
92 0 1.04832
68 7 0.69888
58 6 0.59072
195 3 0.38272
156 4 0.9152
123 0 0.64896
64 4 0.59904
1 5 0.63232
181 1 0.38272
98 8 0.624
69 4 0.59072
198 0 0.89024
153 7 0.5408
61 7 0.5824
45 1 1.03168
7 5 1.07328
194 1 0.49088
161 5 0.5408
145 7 0.6656
130 7 0.77376
120 0 0.6656
89 4 1.31456
49 0 0.63232
13 5 0.6656
196 4 0.5824
171 5 0.60736
163 0 0.5824
151 7 0.5408
94 5 0.97344
63 7 0.63232
11 0 0.75712
111 6 0.5408
107 3 0.624
84 3 0.64064
74 2 0.5408
56 6 0.69056
31 3 0.74048
23 6 0.4992
181 6 0.64896
129 8 0.68224
69 3 0.71552
40 8 0.74048
185 7 0.39936
168 8 0.57408
125 1 0.69888
8 3 0.7072
184 1 0.7488
172 2 0.65728
157 5 0.5408
110 6 0.7072
97 2 0.75712
65 5 0.57408
57 6 0.7488
22 6 0.61568
170 5 0.59904
114 7 0.53248
95 5 0.80704
53 7 0.624
26 7 0.7072
192 2 0.42432
186 5 0.57408
175 3 0.53248
169 8 0.73216
155 1 0.5824
90 3 0.7904
67 1 0.77376
59 6 0.5824
166 2 0.82368
129 1 0.74048
103 5 0.69888
98 6 1.07328
80 5 0.624
70 4 0.6656
40 1 0.72384
35 5 0.59072
14 2 0.64896
4 3 0.59072
179 5 0.67392
168 3 0.61568
158 6 0.51584
101 0 0.67392
82 0 0.57408
42 4 0.57408
37 0 0.67392
29 1 0.76544
8 8 0.30784
164 2 0.93184
16 2 0.7072
5 0 0.56576
170 2 0.832
114 0 0.73216
95 2 0.99008
53 0 0.624
26 0 0.72384
174 3 0.59072
169 1 0.75712
155 8 0.5408
102 0 0.57408
91 3 0.7488
81 0 0.51584
75 5 0.49088
67 8 0.63232
34 0 0.68224
9 2 0.74048
149 8 0.5824
148 1 0.97344
147 6 0.624
132 6 0.53248
113 5 1.43936
79 6 0.61568
77 8 0.39104
76 1 0.86528
54 5 0.8736
21 5 1.07328
167 5 0.67392
139 0 0.6656
72 0 0.5824
15 5 0.67392
199 1 0.71552
144 3 0.624
131 3 0.63232
115 5 0.94016
52 5 1.00672
46 2 0.61568
27 5 0.81536
183 5 0.63232
119 4 1.1232
100 6 0.832
83 6 0.5408
43 2 0.46592
39 1 0.75712
36 6 0.6656
189 8 0.68224
152 4 0.57408
146 3 0.54912
133 3 0.78208
121 6 0.5824
88 2 0.832
78 3 1.19808
60 4 0.49088
48 6 1.2064
47 1 0.80704
176 7 0.5824
149 1 1.04
148 8 0.51584
126 4 0.6656
112 5 1.22304
106 2 0.69056
93 7 0.54912
85 2 0.59904
77 1 0.624
76 8 0.59904
55 5 0.68224
30 2 0.624
20 5 0.69888
167 2 0.71552
139 7 0.47424
72 7 0.5824
15 2 0.72384
190 1 0.5408
178 7 0.67392
124 0 0.54912
18 2 0.75712
162 5 0.624
140 1 0.82368
135 1 0.55744
10 5 0.832
6 2 0.624
193 0 1.17312
189 1 0.74048
105 5 0.5824
86 5 0.51584
47 8 0.67392
33 5 0.7072
2 3 0.75712
160 1 0.7488
150 4 0.59904
142 5 0.48256
137 5 0.4576
109 2 0.72384
62 4 0.60736
44 8 0.624
12 1 0.75712
138 7 0.52416
128 0 0.72384
73 7 0.64064
41 0 0.65728
180 1 0.3328
159 7 0.7072
71 2 0.65728
19 0 0.61568
143 3 0.74048
136 3 0.57408
122 8 0.60736
118 7 0.52416
117 0 0.8736
99 5 0.57408
50 0 0.624
25 0 0.46592
193 7 0.94016
189 6 0.65728
121 8 0.624
105 2 0.6656
86 2 0.51584
48 8 0.5824
33 2 0.6656
2 4 0.84032
197 6 0.49088
173 4 0.46592
160 8 0.50752
96 4 0.47424
44 1 1.1232
12 8 0.5408
0 3 0.38304
191 7 1.0816
188 5 0.63232
187 2 0.59072
154 6 0.81536
127 4 0.59072
104 1 1.13984
87 1 0.56576
68 8 0.69888
66 6 0.85696
32 1 0.65728
195 6 0.39104
156 1 0.53248
123 5 0.59072
64 1 0.60736
1 0 0.7072
122 7 0.51584
118 8 0.78208
116 6 0.59072
108 3 0.69056
51 6 0.75712
24 6 0.624
3 1 0.8736
182 4 0.77376
165 1 0.73216
141 3 0.88192
134 3 0.54912
38 0 0.76544
28 7 0.8736
17 1 0.69056
7 8 0.60736
194 6 0.57408
161 2 0.53248
145 0 0.69888
130 0 0.60736
120 7 0.59072
89 3 1.05664
49 7 0.63232
13 2 0.77376
177 6 0.56576
104 8 0.53248
92 6 0.52416
87 8 0.59904
68 1 0.59072
58 0 0.71552
32 8 0.4992
195 1 0.82368
156 6 0.69056
123 2 0.67392
107 8 0.38272
84 8 0.5408
64 6 0.96512
31 8 0.48256
1 7 0.67392
181 3 0.57408
70 8 0.6656
69 6 0.71552
198 6 0.4992
153 1 0.82368
141 8 0.56576
134 8 0.4992
61 1 1.02336
45 7 0.63232
7 3 0.61568
184 4 0.54912
172 7 0.624
157 0 1.21472
110 3 0.4992
97 7 0.48256
65 0 0.624
57 3 0.6656
22 3 0.61568
196 6 0.51584
171 7 0.54912
163 2 0.9152
151 5 0.6656
94 7 0.5408
63 5 0.53248
11 2 0.74048
195 8 0.4992
111 4 0.5408
107 1 0.9152
84 1 0.57408
74 0 0.4992
56 4 0.61568
31 1 0.74048
23 4 0.63232
181 8 0.64064
166 5 0.59072
129 6 0.48256
103 2 0.57408
98 1 0.79872
80 2 0.57408
70 3 0.78208
40 6 0.7072
35 2 0.77376
14 5 0.74048
4 4 0.72384
185 1 0.63232
179 8 0.7488
125 7 0.5408
8 5 1.04832
194 8 0.7072
184 3 0.416
172 0 0.53248
157 7 0.9152
110 4 0.63232
97 0 0.6656
65 7 0.624
57 4 0.6656
22 4 0.624
170 7 0.65728
114 5 1.18976
95 7 0.46592
53 5 0.79872
26 5 0.7072
192 4 0.624
186 3 0.52416
175 5 0.89856
155 7 0.59904
90 5 0.47424
67 7 0.57408
59 0 0.624
148 4 0.4992
147 3 0.5824
132 3 0.67392
126 8 0.65728
113 0 0.624
79 3 0.82368
76 4 0.624
54 0 0.57408
21 0 0.48256
179 7 0.5824
168 1 0.59904
158 4 1.17312
125 8 0.60736
101 2 0.624
82 2 0.53248
42 6 0.5824
37 2 0.72384
29 3 0.73216
164 0 0.97344
115 8 0.9152
52 8 0.624
27 8 0.52416
16 0 0.68224
5 2 0.57408
183 2 0.67392
119 3 0.47424
100 1 0.67392
83 1 0.72384
43 5 0.64896
39 6 0.59072
36 1 0.74048
174 5 1.0816
169 7 0.53248
102 6 0.7488
91 5 0.59904
81 6 0.63232
75 3 1.248
34 6 0.4992
9 4 0.69888
148 3 0.5824
147 4 0.56576
132 4 0.77376
113 7 0.624
79 4 0.76544
76 3 1.456
54 7 0.57408
21 7 0.82368
167 7 0.64064
139 2 0.50752
72 2 0.624
15 7 0.624
199 7 0.64896
144 5 0.54912
131 5 0.61568
115 3 0.59904
52 3 0.67392
46 4 0.61568
27 3 0.71552
162 0 0.51584
140 4 0.69888
135 4 1.05664
100 8 0.57408
83 8 0.63232
36 8 0.60736
10 0 0.69888
6 7 0.28288
152 6 0.56576
146 1 0.55744
133 1 0.74048
121 4 0.75712
88 0 0.2496
78 1 0.82368
60 6 0.67392
48 4 0.59904
47 3 0.64064
2 8 0.56576
176 5 0.832
149 3 0.5824
126 6 1.0816
112 7 0.63232
106 0 0.56576
93 5 0.50752
85 0 0.94848
77 3 1.4144
55 7 0.69888
30 0 0.63232
20 7 1.1232
138 0 0.5824
128 7 0.64896
73 0 0.6656
41 7 0.64896
190 7 0.8736
178 1 0.5408
124 6 0.7072
18 4 0.74048
162 7 0.57408
140 3 0.82368
135 3 0.52416
39 8 0.63232
10 7 0.54912
6 0 0.624
193 2 0.35776
189 3 0.5408
146 8 0.54912
133 8 0.65728
105 7 0.7072
86 7 0.69056
78 8 0.624
33 7 0.77376
2 1 0.75712
160 7 0.73216
150 2 0.42432
142 3 0.624
137 3 0.54912
109 4 0.75712
62 2 0.6656
12 7 0.5824
191 2 0.47424
188 0 0.8736
187 7 0.68224
154 3 0.5824
127 1 0.6656
104 4 0.57408
87 4 0.98176
66 3 0.5824
32 4 0.65728
190 8 0.59072
180 3 0.75712
159 5 0.64896
71 0 0.69056
19 2 0.59072
143 1 0.77376
136 1 0.57408
118 5 0.64064
117 2 0.5408
99 7 0.68224
50 2 0.624
25 2 0.59904
182 3 0.56576
165 6 0.5408
141 4 0.56576
134 4 1.03168
38 7 0.68224
28 0 0.69888
17 6 0.7488
197 0 0.78208
173 2 0.4576
96 2 0.6656
44 7 0.60736
0 5 0.24992
191 5 0.7904
188 7 0.57408
187 0 0.98176
154 4 0.7904
127 6 0.84864
104 3 0.55744
87 3 0.6656
66 4 0.57408
32 3 0.65728
195 4 0.53248
156 3 0.4576
123 7 0.63232
111 8 0.40768
64 3 0.59904
56 8 0.59072
23 8 0.73216
1 2 0.624
122 1 1.06496
116 0 0.75712
108 5 0.7072
51 0 0.63232
24 0 0.73216
3 7 0.624
198 3 0.9152
153 4 0.5824
61 4 0.72384
45 2 0.63232
7 6 0.71552
194 4 0.55744
161 0 0.7072
145 2 0.92352
130 2 0.77376
120 5 0.78208
110 8 0.48256
89 1 0.49088
57 8 0.6656
49 5 0.7488
22 8 0.52416
13 0 0.7488
177 4 0.84864
92 4 0.94848
68 3 0.63232
58 2 0.65728
156 8 0.54912
111 3 0.59072
107 6 0.6656
84 6 0.59072
74 7 0.5408
64 8 0.63232
56 3 0.60736
31 6 0.65728
23 3 0.53248
181 5 0.76544
166 8 0.49088
69 0 0.59072
14 8 0.5824
198 4 0.624
165 8 0.5824
153 3 0.67392
61 3 0.72384
45 5 0.4576
17 8 0.61568
7 1 0.75712
184 6 0.4576
172 5 0.6656
157 2 0.5408
110 1 0.78208
97 5 0.52416
89 8 0.49088
65 2 0.624
57 1 0.69888
22 1 0.61568
196 0 0.9568
171 1 0.54912
170 8 0.7488
163 4 0.7072
151 3 0.57408
95 8 0.3328
94 1 0.416
63 3 0.4992
11 4 0.67392
192 1 0.44928
186 6 0.57408
175 0 0.50752
155 2 0.624
90 0 0.7072
67 2 0.57408
59 5 0.624
9 8 0.35776
166 7 0.57408
129 4 0.64064
103 0 0.69056
98 3 0.57408
80 0 0.624
70 1 0.7072
40 4 0.69888
35 0 0.77376
14 7 0.51584
4 6 0.59904
185 3 0.43264
125 5 0.59072
8 7 0.44096
164 7 0.53248
46 8 0.5824
16 7 0.72384
5 5 0.84864
171 8 1.13152
170 1 0.78208
114 3 0.51584
95 1 0.624
94 8 0.208
53 3 0.5824
26 3 0.59904
192 6 0.416
186 1 0.74048
175 7 0.55744
155 5 0.5824
90 7 0.52416
75 8 0.48256
67 5 0.57408
59 2 0.624
148 6 0.624
147 1 0.5824
132 1 0.624
113 2 0.60736
79 1 0.67392
76 6 0.5408
54 2 0.57408
21 2 0.4992
185 8 0.96512
179 1 0.47424
168 7 0.5408
158 2 0.416
101 4 0.60736
82 4 0.82368
42 0 0.6656
37 4 0.67392
29 5 0.78208
199 2 0.5408
144 0 0.624
131 0 0.74048
115 6 0.4992
52 6 0.73216
46 1 0.8736
27 6 0.60736
183 0 0.94848
119 1 0.54912
100 3 0.57408
83 3 0.79872
43 7 0.50752
39 4 0.68224
36 3 0.69056
186 8 0.90688
174 7 0.624
169 5 0.75712
102 4 0.5408
91 7 0.64064
81 4 0.85696
75 1 0.88192
34 4 0.64896
9 6 0.7072
176 2 0.64064
149 4 0.5824
126 1 0.78208
112 0 0.51584
106 7 0.74048
93 2 0.7488
85 7 0.89024
77 4 0.44096
55 0 0.69888
30 7 0.77376
20 0 0.65728
167 1 0.69056
139 4 0.64896
72 4 0.72384
15 1 0.72384
199 5 0.53248
144 7 0.71552
131 7 0.7488
115 1 0.77376
52 1 0.67392
46 6 0.72384
27 1 0.60736
162 2 0.7072
140 6 0.82368
135 6 1.04
119 8 0.72384
10 2 0.65728
6 5 1.1232
152 0 1.05664
146 7 0.4992
133 7 0.69888
121 2 0.61568
105 8 0.65728
88 6 0.39936
86 8 0.5408
78 7 0.59072
60 0 0.63232
48 2 0.5408
47 5 0.57408
33 8 0.65728
160 2 0.59904
150 7 0.39936
142 6 0.67392
137 6 1.40608
109 1 0.8736
62 7 0.67392
12 2 0.61568
138 2 0.43264
128 5 0.6656
73 2 0.67392
41 5 0.6656
190 5 0.832
178 3 0.5408
159 8 0.5408
124 4 0.71552
18 6 0.60736
143 6 0.61568
136 6 1.27296
118 2 0.63232
117 5 0.92352
99 0 0.59072
50 5 0.9568
25 5 0.86528
193 4 0.60736
189 5 0.54912
105 1 1.15648
86 1 0.4992
33 1 0.69888
2 7 0.59904
160 5 0.49088
150 0 1.26464
142 1 0.77376
137 1 0.5824
109 6 0.64896
62 0 0.60736
12 5 0.74048
191 0 0.7904
188 2 0.57408
187 5 0.6656
177 8 0.64896
154 1 0.64064
127 3 0.59904
104 6 0.64896
92 8 0.54912
87 6 0.61568
66 1 0.64064
32 6 0.624
180 5 0.74048
178 8 0.6656
159 3 0.5408
71 6 0.82368
19 4 0.65728
122 4 0.89024
116 5 0.90688
108 0 0.5408
51 5 0.98176
24 5 0.8736
3 2 0.57408
198 8 0.6656
182 1 0.39936
165 4 0.624
141 6 0.89024
134 6 0.832
38 5 0.69056
28 2 0.67392
17 4 0.624
197 2 0.49088
173 0 0.39936
142 8 0.55744
137 8 0.48256
96 0 0.54912
44 5 0.61568
0 7 0.24992
177 3 0.624
127 8 0.5408
92 3 0.63232
68 4 0.69888
58 5 0.60736
195 2 0.54912
156 5 0.49088
123 1 0.84032
64 5 0.59072
1 4 0.57408
143 8 0.60736
136 8 0.4992
122 3 0.61568
116 2 0.59904
108 7 0.67392
51 2 0.61568
24 2 0.72384
3 5 0.64896
198 1 0.7904
182 8 0.624
153 6 0.6656
61 6 0.5824
45 0 0.624
7 4 0.60736
194 2 0.4576
161 6 0.5824
145 4 0.624
130 4 0.69056
120 3 0.64064
89 7 0.48256
49 3 0.57408
13 6 0.624
196 5 0.67392
171 4 0.59904
163 1 0.72384
151 6 0.5408
94 4 0.55744
63 6 1.17312
11 1 0.78208
111 1 1.33952
107 4 0.78208
84 4 0.69056
74 5 0.6656
56 1 0.65728
31 4 0.74048
23 1 0.49088
181 7 0.63232
69 2 0.60736
185 4 0.63232
125 2 0.46592
101 8 0.68224
82 8 0.4576
37 8 0.67392
8 0 0.7488
184 0 1.54752
172 3 0.6656
157 4 0.7488
110 7 0.71552
97 3 0.47424
65 4 0.69056
57 7 0.6656
22 7 0.90688
196 2 0.4992
171 3 0.5824
163 6 0.65728
151 1 0.832
114 8 0.624
94 3 0.56576
63 1 0.74048
53 8 0.69888
26 8 0.72384
11 6 0.6656
192 3 0.416
186 4 0.624
175 2 0.78208
155 0 0.7072
102 8 0.64896
90 2 0.78208
81 8 0.59072
67 0 0.59072
59 7 0.624
34 8 0.5824
166 1 0.53248
129 2 0.63232
103 6 0.78208
98 5 0.64896
80 6 0.624
70 7 0.624
40 2 0.73216
35 6 0.61568
14 1 0.64064
4 0 0.59904
179 4 1.11488
168 2 0.78208
158 7 0.71552
101 1 0.74048
82 1 0.624
42 5 0.6656
37 1 0.72384
29 0 0.7072
164 5 0.46592
16 5 0.72384
5 7 0.49088
170 3 0.7488
151 8 0.5824
114 1 0.84864
95 3 0.51584
63 8 0.624
53 1 0.61568
26 1 0.72384
192 8 0.8736
174 0 0.5408
169 2 0.72384
102 3 0.57408
91 0 0.74048
81 3 0.69888
75 6 0.5408
34 3 0.68224
9 1 0.90688
148 0 0.76544
147 7 0.57408
132 7 0.68224
113 4 0.49088
79 7 0.5408
76 0 0.5408
54 4 0.57408
21 4 0.64896
179 3 0.5408
168 5 0.6656
158 0 0.94016
101 6 0.624
82 6 0.624
42 2 0.65728
37 6 0.624
29 7 0.65728
199 0 0.61568
144 2 0.90688
131 2 0.60736
115 4 0.54912
52 4 0.624
46 3 0.7072
27 4 0.60736
183 6 0.624
119 7 0.57408
100 5 0.624
83 5 0.61568
43 1 1.07328
39 2 0.63232
36 5 0.61568
193 8 0.9152
152 5 0.64064
146 2 0.64064
133 2 0.71552
121 7 0.57408
88 3 0.8736
78 2 0.624
60 5 0.64064
48 7 0.5408
47 0 0.624
176 0 0.67392
149 6 0.61568
147 8 0.4576
132 8 0.69888
126 3 0.65728
112 2 0.63232
106 5 0.65728
93 0 1.18144
85 5 0.50752
79 8 0.59904
77 6 0.63232
55 2 0.67392
30 5 0.74048
20 2 0.65728
167 3 0.7488
139 6 0.90688
128 8 0.64896
72 6 0.72384
41 8 0.64896
15 3 0.67392
190 2 0.50752
178 4 1.04
124 3 0.65728
19 8 0.57408
18 1 0.7488
162 4 0.72384
140 0 0.75712
135 0 0.80704
43 8 0.5824
10 4 0.57408
6 3 0.65728
152 2 0.63232
146 5 0.832
133 5 0.7072
121 0 0.56576
88 4 1.72224
78 5 0.5408
60 2 0.48256
48 0 0.5408
47 7 0.56576
160 0 0.7072
150 5 0.6656
142 4 0.57408
137 4 0.69888
109 3 0.7072
62 5 0.53248
12 0 0.5824
167 8 0.67392
138 4 0.5824
128 3 0.64896
73 4 0.59904
41 3 1.09824
15 8 0.65728
180 0 0.67392
159 6 0.7072
71 3 0.4992
19 1 0.50752
18 8 0.69888
143 4 0.61568
136 4 0.84032
118 0 0.81536
117 7 0.5408
99 2 0.60736
50 7 0.5824
25 7 0.76544
193 6 0.3744
189 7 0.69888
105 3 0.61568
86 3 0.57408
33 3 0.69888
2 5 0.71552
197 5 0.47424
173 7 0.59904
109 8 0.49088
96 7 0.42432
44 2 0.624
0 0 0.51616
191 6 0.51584
188 4 0.69888
187 3 0.64064
154 7 0.48256
127 5 0.55744
104 0 0.55744
87 0 0.75712
66 7 0.72384
58 8 0.54912
32 0 0.65728
180 7 0.67392
159 1 0.5824
71 4 0.50752
19 6 0.60736
122 6 0.64896
116 7 0.59904
108 2 0.64064
51 7 0.63232
24 7 0.7904
3 0 0.63232
182 7 0.57408
165 2 0.7488
141 0 0.60736
134 0 1.08992
38 3 0.6656
28 4 0.67392
17 2 0.67392
