167 5 1.86368
161 3 1.23968
145 1 1.31456
139 0 1.32288
130 1 1.06496
89 2 1.2896
72 0 1.77216
15 5 1.04
13 3 1.23968
199 1 1.2064
177 1 1.31456
144 3 0.93184
131 3 1.2896
115 5 1.07328
92 1 1.21472
52 5 1.52256
46 2 1.13152
27 5 0.8736
195 0 1.67232
183 5 1.4976
123 3 1.98848
119 4 1.84704
43 2 1.13984
39 1 1.23968
181 0 1.05664
152 4 1.4976
146 3 1.13984
133 3 1.27296
88 2 1.04832
78 3 2.08
69 5 1.1648
60 4 1.55584
47 1 2.15488
153 0 1.4976
149 1 1.26464
126 4 1.1648
112 5 1.22304
106 2 1.57248
85 2 1.27296
77 1 1.40608
61 0 1.09824
55 5 1.5392
30 2 1.39776
20 5 1.0816
7 2 1.50592
194 0 1.44768
167 2 1.44768
161 4 1.26464
120 1 1.18144
89 5 1.26464
49 1 1.98848
15 2 1.31456
13 4 1.17312
190 1 1.3312
163 3 1.0816
151 4 1.50592
124 0 1.0816
63 4 1.38944
18 2 1.3312
11 3 1.2896
162 5 1.98848
140 1 1.68064
135 1 1.248
107 2 1.3728
84 2 1.08992
74 3 1.4976
31 2 1.248
10 5 1.22304
6 2 1.63904
193 0 1.60576
189 1 1.32288
166 4 1.30624
105 5 1.04
103 3 2.00512
98 0 1.8304
86 5 1.32288
80 3 1.9552
70 2 1.13152
35 3 1.4976
33 5 1.13152
14 4 1.2064
4 5 1.1648
2 3 1.1648
160 1 1.10656
150 4 1.43104
142 5 1.2064
137 5 1.04
125 0 1.2896
109 2 2.15488
62 4 1.48096
12 1 1.664
8 2 1.3728
184 2 1.30624
172 1 1.42272
128 0 1.248
110 5 1.22304
97 1 1.1232
57 5 1.40608
41 0 1.76384
22 5 1.07328
180 1 1.11488
170 4 1.31456
95 4 1.57248
71 2 1.1648
19 0 1.83872
192 5 1.30624
186 2 1.1648
175 4 1.23968
143 3 0.9568
136 3 1.21472
117 0 1.05664
99 5 0.97344
90 4 1.3728
59 1 1.4144
50 0 0.6656
25 0 1.664
166 3 1.39776
129 0 1.25632
105 2 1.56416
103 4 1.27296
86 2 1.2896
80 4 1.248
70 5 1.1232
40 0 1.7056
35 4 1.3728
33 2 1.31456
14 3 1.1232
4 2 1.7472
2 4 1.6224
173 4 1.2064
168 0 1.07328
158 5 1.27296
101 3 1.01504
96 4 1.57248
82 3 1.73056
44 1 1.07328
37 3 1.40608
29 2 1.03168
0 3 0.51616
188 5 1.36448
187 2 1.3728
164 3 1.46432
127 4 1.27296
104 1 1.1232
87 1 1.3312
32 1 1.04832
16 3 1.13152
5 1 1.18976
183 3 0.9984
156 1 1.0816
123 5 0.97344
119 2 1.04832
100 0 1.46432
83 0 1.2896
64 1 1.13984
43 4 1.54752
36 0 1.56416
1 0 1.26464
174 2 1.38944
169 0 1.17312
108 3 1.50592
102 1 1.02336
91 2 1.11488
81 1 1.42272
75 4 1.29792
34 1 1.2064
9 3 1.248
3 1 1.11488
182 4 0.94016
165 1 1.17312
148 2 1.3312
147 5 1.18144
141 3 0.9984
134 3 1.3728
132 5 1.28128
79 5 0.9984
76 2 1.38944
38 0 1.9968
17 1 1.77216
167 4 1.17312
161 2 1.13984
145 0 1.47264
139 1 1.67232
130 0 1.1648
89 3 1.47264
72 1 1.0816
15 4 1.38112
13 2 1.17312
144 4 1.7472
131 4 2.14656
115 2 1.8304
68 1 1.07328
58 0 1.17312
52 2 1.1648
46 5 1.07328
27 2 1.25632
195 1 1.09824
183 4 1.05664
123 2 1.28128
119 5 1.28128
43 3 1.33952
39 0 1.96352
181 3 1.04
146 0 1.43104
133 0 1.30624
121 5 1.2064
88 1 1.36448
78 0 1.456
48 5 1.27296
47 2 1.04
153 1 1.27296
149 0 1.6224
126 5 1.1232
112 4 1.11488
106 3 1.52256
85 3 1.50592
77 0 1.30624
61 1 1.39776
55 4 1.7888
30 3 1.52256
20 4 1.28128
7 3 1.1648
184 4 1.13984
157 0 1.39776
138 1 2.19648
110 3 1.42272
73 1 1.248
65 0 0.9984
57 3 1.29792
22 3 1.07328
190 0 1.92192
163 2 1.3728
151 5 1.32288
124 1 1.0816
63 5 1.53088
18 3 1.2896
11 2 1.39776
140 2 1.82208
135 2 1.23968
111 4 1.2064
107 1 1.3728
84 1 1.10656
74 0 1.38944
56 4 1.73056
31 1 1.27296
23 4 0.92352
6 1 1.0816
193 1 1.42272
189 0 2.22144
166 5 1.664
105 4 1.05664
103 2 1.6224
98 1 1.13152
86 4 1.18976
80 2 1.248
70 3 1.48928
35 2 1.248
33 4 1.67232
14 5 1.248
4 4 1.22304
2 2 1.3728
185 1 1.28128
150 3 1.1648
142 2 1.6224
137 2 1.22304
109 5 1.00672
62 3 1.2064
8 5 1.248
184 3 1.2064
172 0 1.22304
128 1 1.248
110 4 0.9984
97 0 1.9136
57 4 1.63072
41 1 1.32288
22 4 1.35616
180 2 1.872
159 4 1.3728
114 5 1.4144
71 1 1.29792
53 5 1.68064
26 5 1.10656
19 3 1.09824
192 4 1.13152
186 3 1.97184
175 5 1.55584
143 2 1.4976
136 2 1.18144
117 1 1.13984
99 4 1.42272
90 5 1.3312
59 0 1.2064
50 1 1.32288
25 1 1.3728
182 2 1.42272
148 4 1.5808
147 3 1.1232
141 5 1.08992
134 5 1.22304
132 3 1.48928
113 0 1.13152
79 3 2.1632
76 4 1.1648
54 0 0.85696
28 1 0.9152
21 0 2.14656
173 5 1.57248
168 1 1.10656
158 4 1.57248
101 2 1.98848
96 5 1.07328
82 2 1.33952
44 0 1.54752
37 2 1.07328
29 3 1.63904
0 2 0.51616
191 4 1.23136
187 1 1.5392
164 0 0.69056
154 5 1.30624
104 2 1.5808
87 2 1.26464
66 5 1.2896
32 2 1.34784
16 0 1.36448
5 2 1.44768
183 2 1.72224
156 0 1.53088
123 4 1.48096
119 3 1.26464
100 1 1.01504
83 1 1.47264
64 0 1.15648
43 5 1.3728
36 1 1.15648
1 1 0.57408
174 5 1.34784
122 0 1.1232
116 1 1.09824
108 4 1.13152
91 5 1.4144
75 3 1.51424
51 1 1.36448
24 1 1.3728
9 4 1.33952
182 5 1.7472
165 0 1.00672
148 3 1.1648
147 4 1.6224
141 2 2.1216
134 2 1.19808
132 4 1.9552
79 4 1.22304
76 3 1.3312
38 1 1.1648
17 0 1.17312
194 5 1.3728
161 1 1.17312
145 3 1.03168
139 2 1.29792
130 3 1.47264
120 4 1.67232
89 0 1.33952
72 2 1.32288
49 4 1.664
13 1 2.2048
144 5 1.03168
131 5 1.0816
115 3 1.17312
68 0 2.02176
58 1 1.2064
52 3 0.9152
46 4 1.94688
27 3 1.72224
162 0 0.65728
140 4 1.07328
135 4 1.664
111 2 2.2048
56 2 1.2896
23 2 1.54752
10 0 1.47264
181 2 1.63072
146 1 1.06496
133 1 1.07328
121 4 1.73888
88 0 1.03168
78 1 1.13152
48 4 1.47264
47 3 1.04
198 5 1.3728
176 5 1.32288
153 2 1.43104
149 3 1.04
106 0 1.39776
93 5 1.04
85 0 1.38112
77 3 1.5392
61 2 1.22304
45 4 1.9968
30 0 1.29792
7 0 1.456
184 5 1.55584
157 1 1.29792
138 0 1.1232
110 2 1.9968
73 0 1.7056
65 1 1.27296
57 2 1.1232
22 2 0.9568
196 1 1.38112
178 1 1.32288
171 0 1.0816
163 5 2.12992
151 2 1.2064
94 0 1.2064
63 2 1.11488
18 4 1.3312
11 5 1.248
140 3 1.14816
135 3 1.3728
111 5 0.98176
107 0 1.248
84 0 1.48928
74 1 1.13984
56 5 1.73056
31 0 1.248
23 5 1.17312
6 0 1.68896
193 2 0.8736
189 3 1.52256
129 5 1.21472
103 1 1.1232
98 2 1.06496
80 1 1.03168
70 0 1.88032
40 5 1.248
35 1 1.27296
2 1 1.14816
185 0 1.05664
150 2 1.4976
142 3 1.2064
137 3 1.07328
109 4 1.19808
62 2 1.42272
8 4 1.23968
191 2 0.59904
188 0 1.64736
154 3 1.3312
127 1 1.35616
104 4 1.2896
87 4 1.23136
66 3 1.68896
32 4 1.3728
5 4 1.56416
180 3 1.04
159 5 1.2896
114 4 1.2064
71 0 1.68896
53 4 1.85536
26 4 1.4144
19 2 1.06496
186 0 0.9568
155 4 1.4976
143 1 1.40608
136 1 1.43104
118 5 1.248
117 2 1.52256
67 4 1.06496
59 3 1.2896
50 2 0.9568
25 2 1.6224
182 3 1.04832
148 5 1.1648
147 2 1.32288
141 4 1.22304
134 4 1.72224
132 2 1.04832
113 1 1.33952
79 2 1.22304
76 5 1.248
54 1 1.54752
28 0 1.3312
21 1 1.3728
197 0 1.3728
179 0 0.94016
173 2 1.23136
158 3 1.27296
101 5 1.00672
96 2 1.248
82 5 1.17312
42 1 1.29792
37 5 0.98176
29 4 1.56416
0 5 0.38304
191 5 1.33952
187 0 1.1648
164 1 1.13152
154 4 1.34784
104 3 1.61408
87 3 1.5392
66 4 1.3312
32 3 1.56416
16 1 1.68896
5 3 1.22304
195 4 1.3728
183 1 1.7056
156 3 1.2064
119 0 1.0816
100 2 1.7888
83 2 1.17312
64 3 1.92192
39 5 1.04832
36 2 1.09824
1 2 1.18144
174 4 1.4144
122 1 1.23136
116 0 1.18144
108 5 1.32288
91 4 1.248
75 2 1.2064
51 0 0.48256
24 0 1.47264
9 5 1.10656
198 3 1.19808
176 3 1.3728
153 4 1.39776
149 5 1.04832
126 0 1.33952
112 1 1.13152
93 3 1.27296
77 5 1.22304
61 4 1.51424
55 1 1.39776
45 2 1.32288
20 1 1.5808
194 4 1.2896
161 0 0.7904
145 2 1.43936
139 3 1.18144
130 2 1.04
120 5 1.17312
89 1 1.36448
72 3 1.42272
49 5 1.01504
13 0 1.15648
199 4 1.90528
177 4 1.248
115 0 1.32288
92 4 1.93024
68 3 1.57248
58 2 1.27296
52 0 0.63232
27 0 1.1232
162 1 1.32288
140 5 1.0816
135 5 1.248
111 3 1.39776
56 3 1.03168
23 3 1.17312
10 1 1.27296
181 5 1.69728
152 1 1.3728
121 3 1.248
69 0 1.9136
60 1 1.39776
48 3 1.13152
47 4 1.7472
198 4 1.3728
176 4 1.39776
153 3 0.98176
149 2 1.456
106 1 1.07328
93 4 2.22144
85 1 1.17312
77 2 1.22304
61 3 1.33952
45 5 1.1232
30 1 1.1232
7 1 1.18976
172 5 1.456
157 2 1.15648
138 3 1.25632
128 4 1.2896
110 1 1.1648
97 5 1.1232
73 3 1.4976
65 2 1.19808
57 1 1.4976
41 4 1.3728
22 1 1.54752
196 0 1.57248
178 0 1.33952
171 1 1.15648
163 4 1.4144
151 3 1.32288
94 1 1.248
63 3 1.38112
18 5 1.1232
11 4 1.3728
192 1 1.28128
175 0 1.3312
155 2 1.2896
118 3 1.2896
117 4 2.22144
99 1 1.03168
90 0 1.43936
67 2 1.09824
59 5 1.4976
50 4 2.27136
25 4 1.248
193 3 1.52256
189 2 0.57408
129 4 1.4976
103 0 1.13152
98 3 1.07328
80 0 1.3728
70 1 1.1232
40 4 1.22304
35 0 1.3728
2 0 1.72224
185 3 1.7056
160 4 1.19808
150 1 1.22304
142 0 1.248
137 0 1.15648
125 5 1.08992
62 1 1.248
12 4 1.46432
191 3 1.68896
188 1 1.31456
154 2 1.456
127 0 1.22304
104 5 1.11488
87 5 1.3312
66 2 1.248
32 5 1.27296
5 5 1.01504
180 4 1.0816
170 1 1.2896
159 2 1.3312
114 3 1.32288
95 1 1.02336
53 3 1.18976
26 3 1.68896
19 5 1.26464
186 1 1.57248
155 5 1.1648
143 0 1.4144
136 0 1.22304
118 4 1.64736
117 3 1.0816
67 5 1.28128
59 2 1.2896
50 3 0.94016
25 3 1.0816
182 0 0.98176
165 5 1.78048
147 1 1.22304
132 1 1.23968
113 2 1.77216
79 1 1.27296
54 2 1.07328
38 4 1.248
28 3 1.81376
21 2 0.7488
17 5 1.27296
197 1 1.52256
179 1 0.84032
173 3 1.42272
158 2 1.34784
101 4 1.44768
96 3 1.0816
82 4 1.31456
42 0 1.7056
37 4 1.22304
29 5 1.13152
0 4 0.51616
199 2 1.02336
177 2 1.248
144 0 1.97184
131 0 1.18144
92 2 1.1648
68 5 1.1232
58 4 1.7056
46 1 1.3312
195 5 1.15648
183 0 1.08992
156 2 1.456
119 1 1.32288
100 3 1.27296
83 3 1.68064
64 2 1.18144
39 4 1.43104
36 3 1.31456
1 3 0.624
169 5 1.57248
122 2 1.22304
116 3 1.2896
102 4 1.05664
81 4 1.0816
75 1 1.33952
51 3 1.1232
34 4 1.3312
24 3 1.27296
3 4 1.6224
198 2 1.248
176 2 1.29792
153 5 1.248
149 4 1.43104
126 1 1.08992
112 0 1.23136
93 2 1.22304
77 4 1.36448
61 5 1.50592
55 0 0.9152
45 3 1.1648
20 0 2.1216
194 3 1.4976
167 1 1.09824
145 5 0.84864
139 4 1.2896
130 5 1.17312
120 2 1.48928
72 4 1.19808
49 2 1.23968
15 1 1.90528
199 5 1.17312
177 5 1.6224
115 1 1.248
92 5 1.22304
68 2 1.07328
58 3 1.18976
52 1 1.51424
27 1 1.1232
162 2 1.30624
111 0 1.02336
107 5 1.1232
84 5 1.38944
74 4 1.21472
56 0 1.03168
31 5 1.1232
23 0 1.88032
10 2 1.47264
6 5 1.22304
181 4 1.1232
152 0 1.44768
121 2 1.456
69 1 1.14816
60 0 1.09824
48 2 1.04
47 5 0.97344
185 5 1.27296
160 2 1.33952
125 3 1.68064
109 1 1.0816
12 2 1.19808
8 1 1.25632
172 4 1.33952
157 3 1.3312
138 2 1.1232
128 5 1.19808
110 0 1.26464
97 4 1.60576
73 2 1.14816
65 3 2.2048
57 0 0.99008
41 5 1.04
22 0 2.04672
196 3 1.456
190 5 1.2896
178 3 1.2064
171 2 1.3728
151 0 1.33952
124 4 1.2896
94 2 1.248
63 0 1.19808
192 0 1.89696
175 1 1.13152
155 3 1.4144
118 2 1.47264
117 5 1.04
99 0 1.456
90 1 1.2064
67 3 1.71392
59 4 1.36448
50 5 1.73888
25 5 1.06496
193 4 1.27296
189 5 1.35616
166 0 0.9568
129 3 1.38944
105 1 1.01504
98 4 1.64736
86 1 1.32288
40 3 1.36448
33 1 1.18144
14 0 1.3312
4 1 1.00672
185 2 1.44768
160 5 1.4976
150 0 1.53088
142 1 1.6224
137 1 2.04672
125 4 1.48096
62 0 1.3728
12 5 1.19808
191 0 1.63904
188 2 0.84864
187 5 1.17312
164 4 1.248
154 1 1.11488
127 3 1.7888
66 1 1.2896
16 4 1.17312
180 5 1.9552
170 0 1.2064
159 3 1.2896
114 2 1.7056
95 0 1.72224
53 2 1.14816
26 2 1.18144
19 4 1.13152
174 1 1.4144
169 3 1.32288
122 4 1.69728
116 5 1.11488
108 0 1.44768
102 2 1.38112
91 1 1.4144
81 2 0.96512
51 5 2.01344
34 2 1.3728
24 5 1.22304
9 0 1.36448
3 2 1.82208
182 1 1.9136
165 4 1.43936
147 0 1.60576
132 0 1.04832
113 3 1.42272
79 0 1.18144
54 3 1.1232
38 5 1.2064
28 2 1.32288
21 3 1.26464
17 4 1.32288
197 2 1.06496
179 2 1.97184
173 0 1.3728
168 4 1.4144
158 1 1.23136
96 0 2.02176
44 5 1.11488
42 3 1.13984
199 3 1.18144
177 3 1.3728
144 1 1.1232
131 1 1.04
92 3 1.248
68 4 1.2064
58 5 1.52256
46 0 1.19808
195 2 1.21472
156 5 1.3728
123 1 1.1648
100 4 1.248
83 4 1.23136
64 5 1.18976
43 0 1.46432
39 3 1.14816
36 4 1.53088
1 4 1.06496
169 4 1.36448
122 3 1.456
116 2 1.28128
102 5 1.06496
81 5 1.18144
75 0 1.42272
51 2 0.9568
34 5 1.27296
24 2 1.50592
3 5 0.9568
198 1 1.2896
176 1 1.51424
126 2 1.27296
112 3 1.18976
106 4 1.2896
93 1 1.22304
85 4 1.36448
55 3 1.29792
45 0 1.3312
30 4 1.67232
20 3 1.18976
7 4 1.6224
194 2 1.04
167 0 1.15648
145 4 1.94688
139 5 1.28128
130 4 2.07168
120 3 1.22304
72 5 1.27296
49 3 1.06496
15 0 1.05664
196 5 1.33952
190 3 1.4976
178 5 1.23968
171 4 1.48928
163 1 1.22304
124 2 1.1648
94 4 2.08
18 0 1.28128
11 1 1.2896
162 3 1.3728
111 1 1.248
107 4 1.25632
84 4 1.10656
74 5 1.23968
56 1 1.13984
31 4 1.67232
23 1 1.1648
10 3 1.27296
6 4 1.32288
152 3 1.27296
146 4 1.73056
133 4 1.82208
121 1 1.2064
88 5 1.46432
78 4 0.9984
69 2 1.1232
60 3 1.14816
48 1 1.7888
185 4 1.10656
160 3 1.40608
125 2 1.3728
109 0 1.13152
12 3 1.14816
8 0 1.53088
184 0 0.94016
172 3 1.2896
157 4 1.33952
138 5 1.0816
128 2 1.2896
97 3 1.1232
73 5 1.2896
65 4 1.32288
41 2 1.27296
196 2 1.1648
190 4 1.1648
178 2 1.456
171 3 1.32288
151 1 1.3728
124 5 1.18976
94 3 1.10656
63 1 1.43104
192 3 1.39776
186 4 0.9568
175 2 1.48096
155 0 1.3312
143 5 0.79872
136 5 1.21472
118 1 1.14816
99 3 0.97344
90 2 1.42272
67 0 1.72224
193 5 1.3728
189 4 1.07328
166 1 1.44768
129 2 1.456
105 0 1.23968
98 5 1.1648
86 0 1.3728
40 2 1.10656
33 0 1.22304
14 1 1.9552
4 0 1.7472
197 4 1.28128
179 4 1.02336
168 2 1.248
101 1 1.03168
82 1 1.17312
44 3 1.1232
42 5 1.248
37 1 1.25632
29 0 1.27296
0 1 0.51616
191 1 1.51424
188 3 1.664
187 4 1.1648
164 5 2.09664
154 0 1.51424
127 2 1.27296
66 0 1.2064
16 5 1.3312
170 3 1.3312
159 0 1.3728
114 1 1.2064
95 3 1.25632
71 5 1.14816
53 1 1.248
26 1 1.02336
174 0 1.0816
169 2 1.3728
122 5 1.23136
116 4 1.92192
108 1 1.07328
102 3 2.05504
91 0 1.3728
81 3 1.92192
51 4 2.1216
34 3 1.52256
24 4 1.22304
9 1 1.17312
3 3 0.9568
165 3 1.22304
148 0 1.57248
141 1 1.4144
134 1 1.22304
113 4 1.28128
76 0 1.72224
54 4 1.89696
38 2 1.10656
28 5 1.0816
21 4 1.1648
17 3 1.27296
197 3 1.57248
179 3 1.09824
173 1 1.25632
168 5 1.68064
158 0 1.3728
96 1 1.07328
44 4 2.1216
42 2 1.2896
199 0 1.38112
177 0 1.26464
144 2 1.25632
131 2 1.32288
115 4 1.39776
92 0 1.08992
52 4 2.32128
46 3 1.19808
27 4 1.97184
195 3 1.32288
156 4 1.39776
123 0 1.0816
100 5 1.27296
83 5 1.2064
64 4 1.2896
43 1 1.00672
39 2 1.13984
36 5 1.2064
1 5 0.75712
181 1 1.33952
152 5 1.04832
146 2 1.32288
133 2 1.19808
88 3 1.53088
78 2 1.0816
69 4 1.18144
60 5 1.44768
47 0 1.08992
198 0 1.5808
176 0 1.17312
126 3 1.83872
112 2 1.93856
106 5 1.23136
93 0 1.09824
85 5 1.17312
55 2 1.1232
45 1 1.1232
30 5 1.07328
20 2 0.78208
7 5 1.1232
194 1 1.4144
167 3 1.29792
161 5 2.38784
120 0 1.3312
89 4 1.33952
49 0 1.08992
15 3 1.23968
13 5 1.11488
196 4 1.1648
190 2 0.86528
178 4 1.44768
171 5 1.4144
163 0 0.832
124 3 2.25472
94 5 1.1648
18 1 1.7056
11 0 1.456
162 4 1.42272
140 0 1.07328
135 0 1.2896
107 3 1.68896
84 3 1.84704
74 2 1.3312
31 3 1.4976
10 4 1.35616
6 3 1.1232
152 2 1.4144
146 5 1.13984
133 5 1.17312
121 0 1.2064
88 4 1.38112
78 5 1.13152
69 3 1.5392
60 2 1.17312
48 0 1.35616
160 0 1.35616
150 5 1.18144
142 4 1.14816
137 4 1.4976
125 1 1.14816
109 3 1.29792
62 5 1.33952
12 0 1.19808
8 3 1.36448
184 1 1.90528
172 2 1.33952
157 5 1.32288
138 4 1.2896
128 3 1.78048
97 2 1.17312
73 4 1.17312
65 5 1.0816
41 3 1.29792
180 0 0.9984
170 5 1.5392
95 5 1.15648
71 3 1.4976
19 1 1.46432
192 2 0.86528
186 5 1.44768
175 3 1.0816
155 1 1.3728
143 4 1.82208
136 4 1.61408
118 0 1.248
99 2 2.15488
90 3 1.2896
67 1 0.97344
166 2 1.2896
129 1 1.13152
105 3 1.89696
103 5 0.9152
86 3 1.57248
80 5 1.2064
70 4 1.09824
40 1 1.27296
35 5 1.2896
33 3 1.39776
14 2 1.2064
4 3 1.1648
2 5 1.1648
197 5 1.248
179 5 2.07168
168 3 1.32288
101 0 1.55584
82 0 1.34784
44 2 1.0816
42 4 1.3728
37 0 2.1216
29 1 1.18976
0 0 0.51616
188 4 0.9984
187 3 1.64736
164 2 1.19808
127 5 1.17312
104 0 1.3312
87 0 1.36448
32 0 1.36448
16 2 1.25632
5 0 1.38112
170 2 1.3728
159 1 1.40608
114 0 1.2064
95 2 1.13984
71 4 1.23968
53 0 0.71552
26 0 1.47264
174 3 1.4144
169 1 1.27296
108 2 1.5808
102 0 1.2896
91 3 1.4976
81 0 1.25632
75 5 1.29792
34 0 1.3728
9 2 1.65568
3 0 1.59744
165 2 1.456
148 1 1.248
141 0 1.22304
134 0 1.3312
113 5 1.1232
76 1 1.2064
54 5 1.57248
38 3 1.33952
28 4 1.58912
21 5 1.3728
17 2 1.25632
